1.000000000 0.000000000 0.000000000 0.000000000 0.000000000 1.000000000 0.000000000 0.000000000 0.000000000 0.000000000 1.000000000 0.000000000
0.999978840 0.000410622 -0.006490758 -0.008816326 -0.000408703 0.999999881 0.000296995 0.000647647 0.006490879 -0.000294335 0.999978900 0.091618732
0.999907553 0.001168371 -0.013546896 -0.017885780 -0.001166338 0.999999285 0.000158029 -0.000483030 0.013547072 -0.000142214 0.999908209 0.191910714
0.999776125 0.001448533 -0.021109996 -0.029713985 -0.001458061 0.999998868 -0.000435978 -0.002113792 0.021109341 0.000466661 0.999777079 0.288741648
0.999540210 0.002025165 -0.030253917 -0.043231040 -0.002082745 0.999996066 -0.001871826 -0.002404510 0.030250007 0.001933976 0.999540508 0.390359044
0.999120951 0.001872783 -0.041879054 -0.058280542 -0.002015968 0.999992251 -0.003377057 -0.002616664 0.041872408 0.003458515 0.999116957 0.508392572
0.998462796 0.001943925 -0.055391837 -0.080592930 -0.002181970 0.999988616 -0.004237319 -0.003905238 0.055382971 0.004351669 0.998455703 0.633065462
0.997427285 0.001770284 -0.071663454 -0.107048698 -0.002067660 0.999989569 -0.004075648 -0.007170624 0.071655490 0.004213338 0.997420549 0.769683659
0.995931506 0.000639820 -0.090111345 -0.139670789 -0.001043817 0.999989629 -0.004436252 -0.003525994 0.090107575 0.004512263 0.995921791 0.920728266
0.993918300 -0.000592191 -0.110118307 -0.172712117 0.000116462 0.999990642 -0.004326548 -0.010113414 0.110119842 0.004287411 0.993909061 1.078315020
0.991241634 -0.000820399 -0.132058173 -0.224928081 0.000169543 0.999987781 -0.004939728 -0.010922890 0.132060602 0.004874075 0.991229653 1.246027231
0.987733006 0.002799111 -0.156127140 -0.283868641 -0.003821676 0.999973178 -0.006249776 -0.015563780 0.156105459 0.006769777 0.987717211 1.419101596
0.983390391 0.006911499 -0.181371421 -0.340636581 -0.008372547 0.999938369 -0.007291163 -0.028231634 0.181309849 0.008688600 0.983387649 1.573319912
0.978036463 0.010046761 -0.208191663 -0.410933912 -0.011987772 0.999895573 -0.008063550 -0.034876000 0.208088949 0.010382200 0.978054762 1.751370907
0.971274078 0.010748716 -0.237720534 -0.487217128 -0.013068093 0.999881148 -0.008182978 -0.038346775 0.237604320 0.011054471 0.971299112 1.942788959
0.963258564 0.012763314 -0.268272340 -0.575631917 -0.015375504 0.999852657 -0.007638327 -0.041775588 0.268135309 0.011482507 0.963312805 2.132862806
0.953816652 0.014561350 -0.300036192 -0.667616069 -0.017308449 0.999829113 -0.006499971 -0.046450477 0.299890250 0.011392943 0.953905702 2.319071770
0.942618430 0.016658654 -0.333456188 -0.772855997 -0.019615524 0.999792457 -0.005502240 -0.046966176 0.333295405 0.011727433 0.942749500 2.507488012
0.930115402 0.019063048 -0.366772473 -0.880540967 -0.022466762 0.999735057 -0.005013147 -0.048645295 0.366579711 0.012902996 0.930297136 2.691663504
0.916182518 0.021761721 -0.400170028 -0.999991596 -0.025615679 0.999662697 -0.004283824 -0.049279746 0.399941862 0.014175393 0.916430891 2.879895687
0.900028169 0.022103291 -0.435271084 -1.122503042 -0.026306059 0.999647319 -0.003631520 -0.047571536 0.435037345 0.014718737 0.900292099 3.061582565
0.881891251 0.018442990 -0.471092135 -1.247686148 -0.023146350 0.999723315 -0.004191692 -0.051763777 0.470884532 0.014600679 0.882073998 3.231468916
0.860677004 0.012877278 -0.508988619 -1.379328251 -0.017694702 0.999832690 -0.004625436 -0.056411304 0.508843780 0.012987404 0.860760808 3.406438112
0.835677266 0.014841267 -0.549020350 -1.541665673 -0.018556016 0.999827087 -0.001216963 -0.063302189 0.548907340 0.011204617 0.835808098 3.587923050
0.806682289 0.020267498 -0.590637624 -1.724659443 -0.023238629 0.999726653 0.002566318 -0.066812292 0.590528190 0.011655406 0.806932807 3.757014275
0.774097621 0.023366367 -0.632634819 -1.919088006 -0.026350068 0.999641836 0.004679585 -0.072005697 0.632517576 0.013047516 0.774436057 3.922683239
0.738259196 0.022560861 -0.674139738 -2.127628326 -0.025571987 0.999658167 0.005450495 -0.073944822 0.674032092 0.013215213 0.738583684 4.087820530
0.698118687 0.018598353 -0.715740442 -2.343461514 -0.019551547 0.999785006 0.006909004 -0.076042965 0.715714991 0.009170526 0.698332191 4.257568359
0.655188859 0.014810173 -0.755319893 -2.579638481 -0.014375403 0.999871314 0.007135598 -0.071380168 0.755328357 0.006182862 0.655317426 4.420098782
0.611046493 0.014164983 -0.791468143 -2.833314180 -0.011345150 0.999893904 0.009136268 -0.072527513 0.791513443 0.003396640 0.611142397 4.554790497
0.562995374 0.014871735 -0.826326311 -3.110896587 -0.008960570 0.999889195 0.011890374 -0.070999302 0.826411486 0.000710129 0.563066304 4.693090916
0.511930108 0.015276011 -0.858891308 -3.403920650 -0.007062044 0.999882936 0.013574418 -0.064076543 0.858998060 -0.000883626 0.511978149 4.816895485
0.459569067 0.016687140 -0.887985289 -3.708542109 -0.006095206 0.999859214 0.015634969 -0.061932363 0.888121128 -0.001772895 0.459606051 4.917198181
0.404668540 0.018713698 -0.914271951 -4.040364742 -0.004981624 0.999820888 0.018259818 -0.055779446 0.914449871 -0.002834614 0.404689252 5.019362450
0.349519938 0.020860141 -0.936696708 -4.393030643 -0.004047493 0.999776423 0.020754635 -0.054577596 0.936920166 -0.003462885 0.349526167 5.099429131
0.294439733 0.023740709 -0.955375195 -4.769236088 -0.001882960 0.999703944 0.024261950 -0.046666529 0.955668151 -0.005344748 0.294397265 5.172183514
0.240605384 0.026127756 -0.970271349 -5.144467354 0.003281486 0.999610066 0.027731532 -0.054040682 0.970617533 -0.009856286 0.240425766 5.233133793
0.189446211 0.026131650 -0.981543303 -5.483350277 0.006964117 0.999584854 0.027956104 -0.052180741 0.981866360 -0.012131760 0.189185575 5.265889645
0.142264158 0.027083017 -0.989458144 -5.897110939 0.004984991 0.999593258 0.028077178 -0.044853758 0.989816129 -0.008926814 0.142071292 5.278343678
0.099904694 0.027645525 -0.994612873 -6.330928326 0.002864015 0.999601781 0.028071871 -0.037414376 0.994992852 -0.005653097 0.099785715 5.282355785
0.061914697 0.026230821 -0.997736633 -6.787137032 0.001729273 0.999650180 0.026388440 -0.025463631 0.998079896 -0.003359191 0.061847664 5.279616356
0.027445503 0.023301845 -0.999351680 -7.235233307 0.002834787 0.999722421 0.023388341 -0.017262872 0.999619305 -0.003474854 0.027371829 5.268435001
-0.004182986 0.020382982 -0.999783516 -7.717539310 0.003003462 0.999787986 0.020370506 -0.009926414 0.999986768 -0.002917601 -0.004243316 5.245034695
-0.030676648 0.018818241 -0.999352217 -8.214959145 0.002536995 0.999820888 0.018749189 -0.006982897 0.999526143 -0.001960189 -0.030718900 5.206956387
-0.051355246 0.016487963 -0.998544335 -8.715214729 0.002439530 0.999862790 0.016384266 -0.001781183 0.998677492 -0.001594561 -0.051388424 5.167207241
-0.067592867 0.015670350 -0.997589946 -9.243861198 0.003071230 0.999875128 0.015498155 0.010044531 0.997708321 -0.002016264 -0.067632556 5.117991447
-0.080559053 0.016135991 -0.996619225 -9.782759666 0.003171314 0.999868035 0.015932247 0.014996968 0.996744812 -0.001877105 -0.080599591 5.061259270
-0.090303153 0.017171517 -0.995766282 -10.356385231 0.003059481 0.999851406 0.016964516 0.023323782 0.995909631 -0.001514579 -0.090342261 5.001983643
-0.096958503 0.018679230 -0.995113134 -10.927927971 0.001470828 0.999825478 0.018624380 0.022173660 0.995287359 0.000342151 -0.096969046 4.933989525
-0.101337574 0.019735055 -0.994656324 -11.517319679 0.000764907 0.999804378 0.019759273 0.026016869 0.994851768 0.001241537 -0.101332858 4.869297028
-0.102836147 0.020317741 -0.994490802 -12.135810852 0.003487130 0.999792635 0.020065470 0.036224339 0.994692206 -0.001404463 -0.102885693 4.805414200
-0.101624988 0.022504602 -0.994568169 -12.759398460 0.005363582 0.999742031 0.022073621 0.044590615 0.994808316 -0.003091216 -0.101719476 4.737542152
-0.100437015 0.024982974 -0.994629741 -13.411532402 0.005066247 0.999684691 0.024598356 0.050031897 0.994930565 -0.002568453 -0.100531921 4.675198555
-0.098792948 0.025007166 -0.994793832 -14.067703247 0.002779868 0.999687195 0.024854114 0.058064222 0.995104134 -0.000309984 -0.098831587 4.606705189
-0.096970782 0.022377992 -0.995035648 -14.741578102 0.000851758 0.999748707 0.022400979 0.066144839 0.995286822 0.001324711 -0.096965462 4.534519672
-0.095512733 0.021988258 -0.995185375 -15.430796623 0.000588091 0.999757051 0.022032827 0.082186878 0.995428026 0.001519156 -0.095502459 4.464170456
-0.094048835 0.024999470 -0.995253682 -16.137033463 0.000774761 0.999686241 0.025037596 0.091694407 0.995567322 0.001583673 -0.094038688 4.399125576
-0.092077732 0.028495813 -0.995343983 -16.860767365 0.000140024 0.999590755 0.028604437 0.103341430 0.995751858 0.002494459 -0.092044041 4.324598789
-0.090242766 0.030544972 -0.995451272 -17.610498428 0.000003655 0.999529541 0.030669777 0.112837397 0.995919764 0.002764087 -0.090200439 4.255649567
-0.088466920 0.029934410 -0.995629191 -18.358432770 -0.001647447 0.999542534 0.030198449 0.126271009 0.996077657 0.004311810 -0.088377140 4.185152054
-0.086665049 0.026570836 -0.995883107 -19.126068115 -0.004053429 0.999626458 0.027023459 0.148562282 0.996229231 0.006378732 -0.086524971 4.109070301
-0.085113034 0.026282594 -0.996024668 -19.882259369 -0.004795748 0.999629617 0.026787531 0.158711061 0.996359766 0.007056651 -0.084955461 4.040251732
-0.083718784 0.028667912 -0.996077061 -20.683874130 -0.002898383 0.999574959 0.029012190 0.169016942 0.996485174 0.005315877 -0.083600104 3.973248243
-0.082593009 0.030844364 -0.996105909 -21.481756210 -0.001120066 0.999517441 0.031042874 0.180603400 0.996582747 0.003679628 -0.082518607 3.904708624
-0.081353553 0.032481100 -0.996155918 -22.285123825 0.000148445 0.999469221 0.032577015 0.194487587 0.996685207 0.002502381 -0.081315197 3.840782642
-0.080534950 0.027877342 -0.996361852 -23.082403183 -0.000052475 0.999608696 0.027972426 0.208107710 0.996751845 0.002305042 -0.080501966 3.765457153
-0.080360845 0.021125592 -0.996541917 -23.909523010 0.001716084 0.999776840 0.021055784 0.214220673 0.996764362 -0.000018089 -0.080379173 3.702197313
-0.080485031 0.016468970 -0.996619761 -24.734699249 0.004517270 0.999859273 0.016157698 0.228975728 0.996745646 -0.003201547 -0.080548093 3.634560347
-0.080964714 0.017582696 -0.996561885 -25.562389374 0.005591884 0.999836683 0.017186170 0.232372537 0.996701300 -0.004181184 -0.081049807 3.562167406
-0.080964699 0.024926424 -0.996405244 -26.413440704 0.004746850 0.999685466 0.024622772 0.242042273 0.996705651 -0.002736212 -0.081057549 3.485070467
-0.081228025 0.031970203 -0.996182799 -27.269763947 0.003854344 0.999487996 0.031762004 0.250304222 0.996688128 -0.001259666 -0.081309654 3.416496754
-0.081741907 0.037247051 -0.995957315 -28.120080948 0.002031420 0.999305546 0.037205543 0.264698982 0.996651530 0.001018044 -0.081760801 3.341493845
-0.082154386 0.037659708 -0.995907843 -28.964859009 0.000191780 0.999286354 0.037771646 0.275125116 0.996619582 0.002912112 -0.082102977 3.265882254
-0.082121879 0.034100641 -0.996038735 -29.816144943 -0.000169288 0.999413908 0.034230158 0.290407896 0.996622264 0.002979663 -0.082067966 3.182024479
-0.082500055 0.031464268 -0.996094227 -30.661291122 0.000102136 0.999501646 0.031563450 0.308344811 0.996591091 0.002502249 -0.082462169 3.107653141
-0.082566328 0.032588966 -0.996052623 -31.507686615 -0.001368470 0.999460459 0.032813910 0.325471789 0.996584654 0.004072391 -0.082477197 3.031427145
-0.082550190 0.035065264 -0.995969832 -32.339862823 -0.002695058 0.999369264 0.035408329 0.332666039 0.996583343 0.005607161 -0.082403615 2.961703062
-0.082431823 0.033492703 -0.996033728 -33.189491272 -0.003334488 0.999420226 0.033882547 0.345899016 0.996591151 0.006114261 -0.082272351 2.882188797
-0.082072802 0.028045861 -0.996231616 -34.032314301 -0.004393450 0.999584019 0.028502185 0.362283349 0.996616721 0.006716148 -0.081915453 2.805102348
-0.081771113 0.024110753 -0.996359408 -34.871658325 -0.005377125 0.999682069 0.024632460 0.372576147 0.996636629 0.007371773 -0.081615463 2.729054928
-0.081248589 0.024854127 -0.996383905 -35.707157135 -0.005075946 0.999665678 0.025349904 0.382043689 0.996680915 0.007117235 -0.081095271 2.654680014
-0.080422960 0.027435755 -0.996383131 -36.544094086 -0.004134776 0.999603271 0.027858162 0.389404297 0.996752203 0.006360257 -0.080277614 2.581800222
-0.080236420 0.032359973 -0.996250391 -37.407733917 -0.003988059 0.999454379 0.032785244 0.395167530 0.996767938 0.006603676 -0.080063589 2.514066458
-0.079738140 0.037724853 -0.996101737 -38.256988525 -0.002906523 0.999270558 0.038077537 0.416044354 0.996811688 0.005931424 -0.079570331 2.443282366
-0.079709448 0.041042209 -0.995972812 -39.106533051 -0.003671629 0.999133110 0.041466296 0.428148389 0.996811450 0.006962098 -0.079489656 2.365472555
-0.079443075 0.040898919 -0.995999932 -39.933612823 -0.003238394 0.999142110 0.041286245 0.442957610 0.996834159 0.006505347 -0.079242460 2.302682161
-0.079327263 0.036459874 -0.996181607 -40.767093658 -0.002891173 0.999318302 0.036804911 0.465459019 0.996844471 0.005799767 -0.079167768 2.229648352
-0.079207219 0.032557257 -0.996326268 -41.588268280 -0.004101138 0.999447405 0.032985277 0.474988043 0.996849656 0.006698744 -0.079029925 2.170079470
-0.079078704 0.029824270 -0.996422052 -42.423099518 -0.008061459 0.999500573 0.030556191 0.489361316 0.996835709 0.010448960 -0.078798771 2.091933489
-0.079576686 0.028203646 -0.996429563 -43.261867523 -0.010862277 0.999515712 0.029158479 0.501427233 0.996769488 0.013143830 -0.079231799 2.012068987
-0.080112375 0.026069095 -0.996444821 -44.084827423 -0.008933494 0.999599040 0.026869850 0.510684192 0.996745765 0.011054343 -0.079847358 1.942218423
-0.081658691 0.022363517 -0.996409357 -44.901634216 -0.005431295 0.999723434 0.022883005 0.516879320 0.996645510 0.007280391 -0.081514634 1.878062010
-0.081875488 0.020710167 -0.996427357 -45.743717194 -0.001812122 0.999779344 0.020928735 0.529722691 0.996640921 0.003519199 -0.081819877 1.796508551
-0.083629362 0.024117826 -0.996204972 -46.572635651 -0.001910865 0.999701321 0.024362884 0.531187534 0.996495008 0.003941066 -0.083558314 1.730921626
-0.085762471 0.030297859 -0.995854795 -47.402820587 0.000533374 0.999538720 0.030364005 0.539649606 0.996315360 0.002072929 -0.085739076 1.662129164
-0.087005526 0.034049347 -0.995625734 -48.219932556 0.002153148 0.999419749 0.033990942 0.545916796 0.996205449 0.000813670 -0.087028369 1.581587195
-0.088803910 0.033721097 -0.995478094 -49.038444519 0.002174410 0.999430895 0.033661019 0.549072504 0.996046722 0.000824654 -0.088826694 1.505819440
-0.089470908 0.029705985 -0.995546341 -49.826400757 -0.001235421 0.999550998 0.029936511 0.560205281 0.995988667 0.003908366 -0.089394040 1.420801044
-0.090875782 0.026222417 -0.995516896 -50.643077850 -0.006133744 0.999619424 0.026890405 0.564992845 0.995843291 0.008549931 -0.090680368 1.337473750
-0.092534855 0.024670338 -0.995403707 -51.447582245 -0.010247461 0.999616385 0.025727371 0.575553119 0.995656669 0.012581040 -0.092246547 1.254933596
-0.093713775 0.025850525 -0.995263517 -52.246601105 -0.011834112 0.999563277 0.027076500 0.581476808 0.995528877 0.014315502 -0.093366921 1.173346639
-0.094075464 0.027266871 -0.995191574 -53.036643982 -0.012402034 0.999515176 0.028557695 0.584928453 0.995487809 0.015028979 -0.093691684 1.087823033
-0.094998986 0.026948228 -0.995112658 -53.837753296 -0.013192980 0.999511540 0.028326835 0.592825234 0.995389938 0.015819518 -0.094597079 1.001788974
-0.095828190 0.026957333 -0.995032847 -54.620662689 -0.014030367 0.999497294 0.028429503 0.599318445 0.995298982 0.016685026 -0.095401809 0.921446085
-0.095962703 0.028602848 -0.994973898 -55.414726257 -0.012472847 0.999473989 0.029935194 0.608816862 0.995306790 0.015282822 -0.095555462 0.833980560
-0.096204974 0.031622086 -0.994859099 -56.188999176 -0.011756528 0.999389350 0.032902967 0.618974507 0.995292187 0.014861519 -0.095774442 0.757863700
-0.096389741 0.035595406 -0.994706988 -56.975921631 -0.011668692 0.999251246 0.036888748 0.634742081 0.995275259 0.015162627 -0.095902212 0.677493811
-0.097215630 0.037868679 -0.994542658 -57.738857269 -0.011591460 0.999165058 0.039177734 0.644484043 0.995195806 0.015336889 -0.096695505 0.603576243
-0.097699471 0.037799314 -0.994497776 -58.504524231 -0.011095555 0.999174953 0.039067108 0.658371687 0.995154083 0.014851343 -0.097199470 0.522199333
-0.097734779 0.035397537 -0.994582772 -59.253986359 -0.010344204 0.999277115 0.036581103 0.678055346 0.995158792 0.013863415 -0.097297974 0.440227568
-0.098043337 0.032147832 -0.994662702 -59.990356445 -0.010826861 0.999384463 0.033367638 0.680671036 0.995123208 0.014040550 -0.097634926 0.366577893
-0.097899579 0.029557517 -0.994757235 -60.719638824 -0.010961805 0.999466300 0.030776249 0.687441349 0.995135903 0.013917319 -0.097523324 0.292744786
-0.096561909 0.027140705 -0.994956851 -61.433528900 -0.011269130 0.999534309 0.028359259 0.697254062 0.995263159 0.013950720 -0.096211083 0.218868926
-0.094081059 0.026410678 -0.995214105 -62.137561798 -0.013837977 0.999516845 0.027833015 0.703177214 0.995468318 0.016390309 -0.093670130 0.142486826
-0.090066060 0.027140407 -0.995565832 -62.825744629 -0.013998442 0.999495327 0.028513929 0.710515320 0.995837390 0.016504508 -0.089640684 0.079394348
-0.084120199 0.028594987 -0.996045172 -63.487167358 -0.013602998 0.999462008 0.029841909 0.715991497 0.996362686 0.016059510 -0.083685972 0.019578464
-0.076992027 0.030552154 -0.996563494 -64.148933411 -0.012941997 0.999415517 0.031639460 0.716358900 0.996947646 0.015333508 -0.076551631 -0.026291456
-0.068265803 0.031879064 -0.997157753 -64.790138245 -0.013865313 0.999362350 0.032898784 0.721247375 0.997570813 0.016071763 -0.067780286 -0.070560016
-0.056159865 0.033619955 -0.997855604 -65.418434143 -0.016232537 0.999269962 0.034581188 0.727677166 0.998289764 0.018139802 -0.055573132 -0.110744156
-0.041157499 0.035037458 -0.998538136 -66.027893066 -0.019634821 0.999163508 0.035868708 0.737190187 0.998959720 0.021082381 -0.040435128 -0.138449848
-0.023291789 0.036088862 -0.999077082 -66.620819092 -0.020629624 0.999118090 0.036571287 0.749133110 0.999515772 0.021462398 -0.022526750 -0.137355193
-0.000697758 0.036872514 -0.999319732 -67.205848694 -0.022002552 0.999077439 0.036878940 0.758388162 0.999757707 0.022013316 0.000114173 -0.141333520
0.024648212 0.037261870 -0.999001443 -67.714492798 -0.021519406 0.999093294 0.036734350 0.762844682 0.999464512 0.020592481 0.025427714 -0.108718231
0.054041088 0.036773849 -0.997861266 -68.243965149 -0.020305324 0.999155462 0.035721865 0.773362100 0.998332202 0.018331451 0.054742146 -0.060349260
0.088073634 0.036843579 -0.995432317 -68.761749268 -0.019137049 0.999193907 0.035289600 0.778888702 0.995930076 0.015941553 0.088707708 0.009588055
0.125994697 0.036781617 -0.991348803 -69.236412048 -0.018686542 0.999223113 0.034698822 0.789336681 0.991854906 0.014153014 0.126584128 0.093302973
0.166560024 0.036535099 -0.985354245 -69.704498291 -0.018883498 0.999248147 0.033858277 0.794935524 0.985850453 0.012967501 0.167124718 0.198584318
0.211772367 0.037509032 -0.976598978 -70.124282837 -0.018042425 0.999242902 0.034466300 0.797984719 0.977152407 0.010321205 0.212288797 0.309040844
0.260181487 0.036528151 -0.964868486 -70.513214111 -0.014594484 0.999318898 0.033896904 0.789717853 0.965449393 0.005262414 0.260537356 0.438360393
0.310745031 0.031519830 -0.949970484 -70.939704895 -0.007065900 0.999499083 0.030851847 0.794354558 0.950467050 -0.002874659 0.310812056 0.614180148
0.361847371 0.026300527 -0.931866229 -71.342338562 -0.001725173 0.999619246 0.027542867 0.795881629 0.932235718 -0.008358682 0.361754954 0.817222714
0.413598746 0.021611348 -0.910202742 -71.721427917 0.002901466 0.999681890 0.025054328 0.803697765 0.910454631 -0.013003359 0.413404465 1.037113070
0.464093238 0.020721490 -0.885543883 -72.097427368 0.003523083 0.999675274 0.025238497 0.811115265 0.885779262 -0.014832863 0.463869542 1.280495167
0.512548566 0.018970748 -0.858448625 -72.485816956 0.004656755 0.999679744 0.024872178 0.828048348 0.858645439 -0.016745782 0.512296140 1.545007110
0.557442486 0.015169446 -0.830076933 -72.819328308 0.011762475 0.999588370 0.026166376 0.825309634 0.830132246 -0.024350010 0.557034492 1.820634246
0.601242542 0.008073388 -0.799025714 -73.147102356 0.022381831 0.999386489 0.026939491 0.833927631 0.798752964 -0.034080829 0.600692987 2.127721310
0.643852115 0.003383407 -0.765142381 -73.464569092 0.023707217 0.999421895 0.024368526 0.832215965 0.764782548 -0.033829119 0.643399715 2.442009211
0.684894919 -0.000829128 -0.728641391 -73.761260986 0.020124136 0.999639392 0.017778419 0.832393110 0.728363931 -0.026839625 0.684664607 2.761594296
0.725689769 -0.006824034 -0.687988341 -74.037223816 0.015936267 0.999849260 0.006892240 0.831660688 0.687837422 -0.015965594 0.725689054 3.091360569
0.764540255 -0.009230035 -0.644509852 -74.308944702 0.011043401 0.999938250 -0.001220057 0.835601866 0.644481301 -0.006184801 0.764595032 3.465578556
0.801935911 -0.010638069 -0.597315371 -74.578628540 0.009819864 0.999941111 -0.004624924 0.840413868 0.597329319 -0.002156664 0.801993191 3.862832546
0.835615396 -0.011614198 -0.549192190 -74.815605164 0.009798576 0.999932468 -0.006237473 0.835086942 0.549227476 -0.000169173 0.835672855 4.289840221
0.866451561 -0.010341627 -0.499153972 -75.060745239 0.007018380 0.999938965 -0.008534262 0.833240330 0.499211669 0.003891272 0.866471291 4.746966839
0.892363608 -0.009010853 -0.451227248 -75.272651672 0.006563591 0.999954104 -0.006988345 0.823471665 0.451269448 0.003274473 0.892381728 5.228882313
0.913448393 -0.002414423 -0.406947553 -75.471313477 -0.000016915 0.999982178 -0.005970870 0.813817918 0.406954706 0.005460964 0.913432002 5.730012894
0.930687129 0.001337469 -0.365813792 -75.652023315 -0.004300436 0.999964178 -0.007284966 0.805329621 0.365790874 0.008353182 0.930659473 6.252312183
0.944302678 0.007100928 -0.329001576 -75.840393066 -0.009673777 0.999934077 -0.006183905 0.799569905 0.328935981 0.009022165 0.944309115 6.769988060
0.954245806 0.007955985 -0.298917532 -76.000679016 -0.009663607 0.999944329 -0.004234997 0.790133834 0.298867166 0.006929848 0.954269528 7.333157539
0.961497784 0.006902802 -0.274726033 -76.144760132 -0.007973361 0.999964297 -0.002780275 0.783075929 0.274697065 0.004863718 0.961518466 7.916443348
0.967415035 0.007915621 -0.253072143 -76.317695618 -0.008418763 0.999964118 -0.000905278 0.777694166 0.253055900 0.003006334 0.967446923 8.534217834
0.971966624 0.010692648 -0.234875858 -76.470443726 -0.010535911 0.999942660 0.001922215 0.763763130 0.234882981 0.000606303 0.972023487 9.165206909
0.975483239 0.015844556 -0.219502822 -76.612655640 -0.015473270 0.999874473 0.003410673 0.759729207 0.219529316 0.000069372 0.975605965 9.799046516
0.978349328 0.019689027 -0.206022158 -76.757148743 -0.019070057 0.999805748 0.004989868 0.749916613 0.206080377 -0.000952980 0.978534639 10.454411507
0.981046438 0.018199733 -0.192916512 -76.886817932 -0.017648805 0.999833763 0.004574065 0.747299194 0.192967713 -0.001082624 0.981204450 11.126797676
0.983621001 0.018493889 -0.179298252 -77.007118225 -0.018056117 0.999828696 0.004073348 0.740665436 0.179342881 -0.000769200 0.983786345 11.811677933
0.986172080 0.018366126 -0.164703637 -77.119529724 -0.017833848 0.999829829 0.004710046 0.739224017 0.164762124 -0.001707616 0.986331880 12.521007538
0.988351405 0.019875856 -0.150885656 -77.223541260 -0.019332213 0.999800265 0.005069208 0.737300694 0.150956273 -0.002093205 0.988538265 13.240341187
0.990202188 0.020066109 -0.138192087 -77.322799683 -0.019939912 0.999798477 0.002297721 0.728421211 0.138210356 0.000480329 0.990402818 13.967643738
0.991633773 0.021353481 -0.127304852 -77.411048889 -0.021849688 0.999758184 -0.002502411 0.709935546 0.127220631 0.005263045 0.991860569 14.698274612
0.992868662 0.019045316 -0.117682740 -77.504814148 -0.020235617 0.999755442 -0.008927814 0.705895424 0.117483921 0.011245528 0.993011177 15.462232590
0.993781805 0.018971281 -0.109716997 -77.594917297 -0.020103958 0.999755323 -0.009226566 0.694105446 0.109515108 0.011374939 0.993919969 16.258600235
0.994501054 0.020983195 -0.102602750 -77.682098389 -0.021411372 0.999766052 -0.003073530 0.683055043 0.102514252 0.005253496 0.994717598 17.035547256
0.994883716 0.025578311 -0.097734965 -77.767669678 -0.025193088 0.999669194 0.005173784 0.668312907 0.097834967 -0.002685066 0.995199025 17.818910599
0.995280921 0.026189655 -0.093434408 -77.845207214 -0.025488116 0.999637306 0.008694032 0.658773303 0.093628213 -0.006271537 0.995587468 18.595228195
0.995635033 0.025198422 -0.089866400 -77.920021057 -0.024592536 0.999666870 0.007843153 0.647695124 0.090034097 -0.005598872 0.995922983 19.376358032
0.995911181 0.024433576 -0.086970359 -77.996963501 -0.023914075 0.999689400 0.007010310 0.638811290 0.087114632 -0.004901832 0.996186256 20.189538956
0.996190250 0.023125095 -0.084084697 -78.063568115 -0.022429043 0.999705911 0.009213316 0.633414865 0.084273033 -0.007292276 0.996416032 20.969093323
0.996421993 0.021231679 -0.081806555 -78.125915527 -0.020300660 0.999719441 0.012195858 0.621354520 0.082042538 -0.010491495 0.996573687 21.744974136
0.996726453 0.019173427 -0.078541651 -78.189407349 -0.018155511 0.999741852 0.013653947 0.617070913 0.078783169 -0.012183286 0.996817350 22.511159897
0.996947467 0.018074252 -0.075955100 -78.248908997 -0.017340926 0.999796450 0.010303280 0.607898593 0.076125868 -0.008954697 0.997057974 23.276678085
0.997006595 0.020875201 -0.074445836 -78.311035156 -0.020758066 0.999781787 0.002346853 0.606051028 0.074478567 -0.000794477 0.997222245 24.047962189
0.997121632 0.021782177 -0.072622955 -78.373107910 -0.022220477 0.999739408 -0.005232751 0.596326649 0.072490036 0.006831405 0.997345746 24.808277130
0.997175276 0.022564664 -0.071640611 -78.429351807 -0.023291800 0.999685168 -0.009330551 0.580811203 0.071407519 0.010972834 0.997386873 25.571245193
0.997296572 0.024184233 -0.069389984 -78.487060547 -0.024756871 0.999666095 -0.007404275 0.561099589 0.069187745 0.009102137 0.997562170 26.334291458
0.997405171 0.027829792 -0.066394582 -78.559387207 -0.028103102 0.999599934 -0.003185852 0.538521171 0.066279352 0.005043480 0.997788310 27.109941483
0.997438788 0.031466268 -0.064231828 -78.618484497 -0.031414021 0.999504745 0.001823446 0.523009896 0.064257406 0.000199004 0.997933328 27.877450943
0.997665942 0.029063439 -0.061789278 -78.669975281 -0.028872263 0.999575138 0.003984841 0.510223389 0.061878834 -0.002191544 0.998081207 28.637783051
0.997809112 0.025752397 -0.060939547 -78.711059570 -0.025548300 0.999665082 0.004126103 0.492000431 0.061025389 -0.002560161 0.998132885 29.392774582
0.997954547 0.023864226 -0.059305266 -78.771278381 -0.023681175 0.999712288 0.003787658 0.478358388 0.059378598 -0.002375492 0.998232722 30.169103622
0.998011410 0.024158172 -0.058219288 -78.817596436 -0.024062043 0.999707699 0.002351779 0.466571689 0.058259089 -0.000946228 0.998301089 30.927667618
0.998112321 0.021659888 -0.057468146 -78.861511230 -0.021647088 0.999765277 0.000845362 0.457527786 0.057472970 0.000400252 0.998346984 31.682180405
0.998160362 0.021474682 -0.056697786 -78.907546997 -0.021455726 0.999769330 0.000943129 0.448622048 0.056704968 0.000275097 0.998390913 32.448951721
0.998145223 0.025123488 -0.055452377 -78.969688416 -0.025079273 0.999684274 0.001493239 0.445933193 0.055472393 -0.000099764 0.998460233 33.240283966
0.998135626 0.025032857 -0.055665441 -79.015983582 -0.025038561 0.999686301 0.000595100 0.437037438 0.055662882 0.000799793 0.998449385 34.012176514
0.998072982 0.024388712 -0.057057381 -79.072402954 -0.024395529 0.999702156 0.000577149 0.425183177 0.057054471 0.000815908 0.998370767 34.799606323
0.997998118 0.022261837 -0.059195157 -79.122764587 -0.022235647 0.999752104 0.001101162 0.414036453 0.059204999 0.000217285 0.998245895 35.599048615
0.997769356 0.024324043 -0.062165886 -79.173408508 -0.024315035 0.999703884 0.000901656 0.404019415 0.062169407 0.000611921 0.998065472 36.388774872
0.997501612 0.027605752 -0.065025933 -79.236488342 -0.027616624 0.999618292 0.000731867 0.391783148 0.065021321 0.001065758 0.997883379 37.185726166
0.997312546 0.028715387 -0.067401662 -79.304634094 -0.029062552 0.999568820 -0.004175578 0.378014684 0.067252696 0.006123221 0.997717261 37.992546082
0.997124374 0.029552741 -0.069782630 -79.369316101 -0.030143863 0.999517798 -0.007432859 0.367170304 0.069529332 0.009515004 0.997534573 38.796527863
0.996981084 0.028700292 -0.072145171 -79.425506592 -0.029450936 0.999522388 -0.009362275 0.355388492 0.071842007 0.011458753 0.997350156 39.646022797
0.996828616 0.028946342 -0.074127167 -79.492385864 -0.029617976 0.999529421 -0.007977145 0.342049032 0.073861375 0.010147342 0.997216821 40.478469849
0.996694386 0.027720110 -0.076367386 -79.559387207 -0.028337469 0.999573827 -0.007012118 0.320970088 0.076140456 0.009152996 0.997055054 41.312084198
0.996575773 0.027029194 -0.078141376 -79.633026123 -0.027527982 0.999606907 -0.005312829 0.304423124 0.077967063 0.007445712 0.996928155 42.168972015
0.996512413 0.026639562 -0.079076707 -79.703552246 -0.026830632 0.999639034 -0.001354626 0.284894854 0.079012051 0.003471580 0.996867597 43.004470825
0.996434331 0.026415002 -0.080128573 -79.773880005 -0.026229972 0.999650240 0.003361027 0.274621516 0.080189317 -0.001247274 0.996778846 43.863155365
0.996505499 0.026320422 -0.079270534 -79.852149963 -0.025989698 0.999648571 0.005201128 0.266973436 0.079379566 -0.003122736 0.996839523 44.723190308
0.996582210 0.029356008 -0.077214293 -79.926963806 -0.029018188 0.999563694 0.005493685 0.260245949 0.077341907 -0.003234291 0.996999383 45.587665558
0.996698499 0.029690763 -0.075567350 -79.995536804 -0.029465897 0.999557316 0.004089189 0.255040050 0.075655319 -0.001849030 0.997132361 46.462059021
0.996917844 0.027121264 -0.073615275 -80.066787720 -0.027023686 0.999632001 0.002321459 0.238485262 0.073651172 -0.000324948 0.997283936 47.320655823
0.997154236 0.023235651 -0.071717836 -80.133842468 -0.023283431 0.999728858 0.000169889 0.233232826 0.071702339 0.001500431 0.997424960 48.204811096
0.997308671 0.022244751 -0.069860801 -80.196044922 -0.022310054 0.999751091 -0.000154477 0.224535435 0.069839984 0.001712659 0.997556746 49.082729340
0.997437716 0.020003550 -0.068686217 -80.260070801 -0.019877257 0.999799252 0.002521722 0.209785193 0.068722866 -0.001149967 0.997635067 49.958324432
0.997531176 0.017995378 -0.067879379 -80.322807312 -0.017687717 0.999830365 0.005130872 0.195027545 0.067960195 -0.003917574 0.997680306 50.825912476
0.997586012 0.016919270 -0.067348845 -80.378921509 -0.016628500 0.999849856 0.004875660 0.186868206 0.067421235 -0.003743980 0.997717559 51.748516083
0.997641444 0.018248659 -0.066171154 -80.443420410 -0.018160192 0.999833167 0.001938266 0.171432629 0.066195495 -0.000732013 0.997806430 52.618110657
0.997612894 0.021218384 -0.065714352 -80.508888245 -0.021517063 0.999761164 -0.003840618 0.154246479 0.065617152 0.005245428 0.997831106 53.502685547
0.997642815 0.022377379 -0.064871311 -80.571769714 -0.023009675 0.999694586 -0.009016074 0.133880526 0.064649731 0.010487489 0.997852981 54.350292206
0.997575521 0.027308010 -0.064012356 -80.640815735 -0.028292540 0.999494195 -0.014524475 0.104823776 0.063583329 0.016300330 0.997843444 55.194313049
0.997635782 0.027155573 -0.063130334 -80.695358276 -0.028187778 0.999482155 -0.015517483 0.085052960 0.062676266 0.017260298 0.997884572 56.056316376
0.997737885 0.024041120 -0.062778927 -80.748176575 -0.024697429 0.999647915 -0.009699207 0.066482171 0.062523648 0.011227743 0.997980297 56.928169250
0.997717321 0.023283351 -0.063387521 -80.805541992 -0.023358148 0.999727011 -0.000439070 0.042370066 0.063359991 0.001918683 0.997988880 57.780090332
0.997681141 0.023009896 -0.064052850 -80.878250122 -0.022590181 0.999718308 0.007269274 0.021776328 0.064202078 -0.005805452 0.997919917 58.636264801
0.997572660 0.020343931 -0.066594936 -80.938430786 -0.020030560 0.999784946 0.005370039 0.005447889 0.066689871 -0.004023070 0.997765601 59.500137329
0.997514904 0.015581817 -0.068712056 -80.992431641 -0.015521570 0.999878526 0.001410702 -0.002760433 0.068725698 -0.000340676 0.997635484 60.341365814
0.997369289 0.014247141 -0.071073994 -81.059623718 -0.014264051 0.999898255 0.000269672 -0.018839246 0.071070619 0.000744841 0.997470975 61.178554535
0.997135937 0.016905650 -0.073716864 -81.130294800 -0.017087644 0.999852359 -0.001838787 -0.040976007 0.073674887 0.003093167 0.997277439 61.999580383
0.996851981 0.018167352 -0.077176236 -81.202568054 -0.018665116 0.999809325 -0.005733206 -0.051263217 0.077057362 0.007155661 0.997000933 62.835102081
0.996537805 0.018634377 -0.081025362 -81.279472351 -0.019398386 0.999774516 -0.008652274 -0.070764124 0.080845855 0.010194081 0.996674478 63.640407562
0.996212184 0.020644896 -0.084469445 -81.352874756 -0.021807997 0.999679387 -0.012869907 -0.090198927 0.084176652 0.014663266 0.996342957 64.459976196
0.995858908 0.025675151 -0.087211423 -81.444740295 -0.026873799 0.999559462 -0.012597806 -0.115462966 0.086849548 0.014889339 0.996110201 65.273162842
0.995444655 0.028974712 -0.090832084 -81.532249451 -0.030080497 0.999488831 -0.010828407 -0.133971199 0.090471901 0.013511356 0.995807350 66.077239990
0.995034039 0.031619333 -0.094379134 -81.622444153 -0.032208450 0.999469995 -0.004724783 -0.156618938 0.094179720 0.007741125 0.995525122 66.896522522
0.994620383 0.032473437 -0.098364949 -81.710334778 -0.032528270 0.999470294 0.001046668 -0.176534534 0.098346829 0.002158604 0.995149910 67.701683044
0.994152665 0.032016113 -0.103127688 -81.802001953 -0.031704396 0.999486387 0.004660880 -0.191671237 0.103223950 -0.001364025 0.994657218 68.495758057
0.993529797 0.031700190 -0.109056935 -81.902893066 -0.031309012 0.999495745 0.005297820 -0.195299730 0.109169878 -0.001849078 0.994021416 69.291023254
0.992893040 0.028393341 -0.115572862 -81.991584778 -0.027465530 0.999576509 0.009612821 -0.215036750 0.115796879 -0.006370234 0.993252516 70.103988647
0.992084384 0.029419914 -0.122077748 -82.093238831 -0.028511899 0.999551237 0.009178601 -0.223360226 0.122293025 -0.005625279 0.992478132 70.891960144
0.991140664 0.033886626 -0.128420606 -82.203956604 -0.033074211 0.999417067 0.008454091 -0.230523661 0.128632233 -0.004131781 0.991683781 71.676223755
0.990365565 0.035792984 -0.133771718 -82.329711914 -0.035473388 0.999359190 0.004772515 -0.237664565 0.133856833 0.000018802 0.991000652 72.450141907
0.989540935 0.034786895 -0.139994800 -82.442932129 -0.034821928 0.999391019 0.002200041 -0.253445715 0.139986098 0.002697858 0.990149796 73.229438782
0.988760054 0.035590056 -0.145213053 -82.564552307 -0.035782386 0.999358714 0.001288047 -0.264235914 0.145165801 0.003922500 0.989399493 73.999069214
0.987965643 0.038268212 -0.149864763 -82.691360474 -0.037813220 0.999267459 0.005885449 -0.269746244 0.149980217 -0.000147753 0.988689005 74.774200439
0.987037003 0.038429178 -0.155823886 -82.819580078 -0.037323348 0.999252975 0.010017467 -0.271211535 0.156092420 -0.004071741 0.987734020 75.540687561
0.986053884 0.037562847 -0.162131429 -82.952491760 -0.036065243 0.999275327 0.012171303 -0.282107919 0.162471116 -0.006154251 0.986694038 76.305007935
0.984902442 0.034694742 -0.169597551 -83.077697754 -0.033775367 0.999394953 0.008303821 -0.284716606 0.169783026 -0.002450234 0.985478282 77.053833008
0.983488262 0.032656699 -0.178000823 -83.221748352 -0.032959893 0.999455988 0.001254314 -0.288809448 0.177944943 0.004633286 0.984029412 77.807540894
0.981918633 0.030799305 -0.186780900 -83.373199463 -0.031385057 0.999507308 -0.000179035 -0.306738645 0.186683372 0.006037927 0.982401550 78.540649414
0.979854047 0.030416938 -0.197384715 -83.531005859 -0.030454123 0.999532104 0.002847773 -0.316771328 0.197379008 0.003220777 0.980321944 79.283416748
0.977531075 0.030435938 -0.208582357 -83.695350647 -0.029155865 0.999532402 0.009209491 -0.323336422 0.208765119 -0.002921165 0.977961421 80.022674561
0.974964142 0.031923413 -0.220058486 -83.876014709 -0.028901672 0.999438643 0.016938213 -0.327539146 0.220475718 -0.010154091 0.975339651 80.753433228
0.972339332 0.033276368 -0.231189996 -84.059501648 -0.029368741 0.999361992 0.020324184 -0.332780778 0.231718823 -0.012972247 0.972696245 81.502960205
0.969463050 0.036430016 -0.242516294 -84.257003784 -0.033553094 0.999309003 0.015983906 -0.336785167 0.242931038 -0.007358631 0.970015585 82.219482422
0.966434062 0.035790965 -0.254409224 -84.460960388 -0.035143271 0.999357104 0.007092105 -0.342750400 0.254499555 0.002086719 0.967070639 82.921859741
0.963249803 0.033655249 -0.266490042 -84.672485352 -0.034194600 0.999411762 0.002617386 -0.345523059 0.266421407 0.006591326 0.963834107 83.638290405
0.959804654 0.032388847 -0.278793633 -84.887153625 -0.031766627 0.999472499 0.006750527 -0.340579301 0.278865278 0.002377146 0.960327327 84.356544495
0.956397533 0.033623591 -0.290126085 -85.116935730 -0.030676389 0.999421179 0.014701555 -0.356108099 0.290452451 -0.005160508 0.956875503 85.099418640
0.952714443 0.033562072 -0.302007914 -85.356269836 -0.028825819 0.999381781 0.020127105 -0.357946962 0.302496761 -0.010469757 0.953092933 85.822654724
0.948691487 0.031044353 -0.314675599 -85.599525452 -0.026639652 0.999477804 0.018289717 -0.357062817 0.315079063 -0.008968450 0.949023068 86.535072327
0.944908559 0.029272761 -0.326022655 -85.854118347 -0.026206978 0.999561369 0.013792668 -0.357268006 0.326283425 -0.004488743 0.945261359 87.248153687
0.941946924 0.025854299 -0.334764987 -86.120826721 -0.025004936 0.999663889 0.006847434 -0.360693634 0.334829479 0.001920859 0.942276835 87.958724976
0.939142168 0.021163069 -0.342876077 -86.364974976 -0.022005746 0.999756873 0.001433152 -0.372275621 0.342822999 0.006199311 0.939379513 88.651748657
0.936350524 0.021069787 -0.350433528 -86.637802124 -0.022690529 0.999742448 -0.000519174 -0.378104210 0.350332290 0.008437651 0.936587453 89.359519958
0.933446288 0.026332796 -0.357749403 -86.927886963 -0.028354401 0.999597907 -0.000405603 -0.389863640 0.357594848 0.010522378 0.933817565 90.060493469
0.930296719 0.026933419 -0.365817606 -87.213928223 -0.028140260 0.999601901 0.002033543 -0.402435899 0.365726739 0.008402403 0.930684328 90.769775391
0.927293479 0.027421735 -0.373329312 -87.512847900 -0.026105721 0.999622345 0.008581470 -0.403565675 0.373423636 0.001788490 0.927659214 91.493133545
0.924442232 0.029141841 -0.380206883 -87.808570862 -0.024588451 0.999556005 0.016828468 -0.404995471 0.380528480 -0.006208248 0.924748361 92.209510803
0.921855330 0.038942304 -0.385572612 -88.130989075 -0.032114580 0.999192774 0.024135197 -0.413583010 0.386201233 -0.009866660 0.922361791 92.916793823
0.919271588 0.046028223 -0.390923321 -88.462127686 -0.041016459 0.998934329 0.021165019 -0.412433982 0.391480893 -0.003422112 0.920179904 93.610679626
0.916905046 0.042604323 -0.396824837 -88.763420105 -0.040617861 0.999084651 0.013412995 -0.409055740 0.397033095 0.003819732 0.917796373 94.308967590
0.915034413 0.035392825 -0.401820093 -89.071990967 -0.036059938 0.999332190 0.005905895 -0.407486498 0.401760787 0.009085510 0.915699661 95.010040283
0.913436949 0.035766948 -0.405405492 -89.395446777 -0.036899433 0.999306381 0.005024198 -0.404912472 0.405304044 0.010369943 0.914123178 95.710342407
0.911155641 0.041788209 -0.409938067 -89.722404480 -0.041104026 0.999099791 0.010485563 -0.414305061 0.410007238 0.007296126 0.912053108 96.412345886
0.908840179 0.044439625 -0.414770603 -90.068817139 -0.041952904 0.999005377 0.015109421 -0.425582170 0.415029496 0.003668780 0.909800589 97.123710632
0.906567574 0.040368870 -0.420125723 -90.398773193 -0.038506221 0.999174833 0.012917721 -0.427839547 0.420300573 0.004466670 0.907373905 97.833839417
0.904183447 0.039052527 -0.425355524 -90.732254028 -0.039876811 0.999180198 0.006969624 -0.433858305 0.425279051 0.010660006 0.904999554 98.532104492
0.902033031 0.036588408 -0.430113584 -91.074325562 -0.040292189 0.999187708 0.000497080 -0.438017607 0.429782450 0.016881838 0.902774692 99.227210999
